0.00002000
0.00002000
0.00002900
0.00002000
0.00002000
0.00002000
0.00002000
0.00002000
0.00002100
0.00002000
0.00002000
0.00002000
0.00002000
0.00002000
0.00002300
0.00002000
0.00002000
0.00002000
0.00002000
0.00001900
0.00002100
0.00002000
0.00001900
0.00002000
0.00001900
0.00002000
0.00002100
0.00002000
0.00002000
0.00002100
0.00002000
0.00002000
0.00002000
0.00002000
0.00002000
0.00001900
0.00002000
0.00002500
0.00002400
0.00002000
0.00002000
0.00001900
0.00002000
0.00002000
0.00002000
0.00002000
0.00001900
0.00003400
0.00002000
0.00002000
0.00002000
0.00002000
0.00002000
0.00002000
0.00002000
0.00002000
0.00002000
0.00001900
0.00002000
0.00002000
0.00002000
0.00002000
0.00002000
0.00002000
0.00002000
0.00002000
0.00002100
0.00002000
0.00003200
0.00002000
0.00001900
0.00002000
0.00001900
0.00002000
0.00002000
0.00002000
0.00001900
0.00001900
0.00002000
0.00001900
0.00002000
0.00002600
0.00001900
0.00001900
0.00002000
0.00001900
0.00002000
0.00002000
0.00002000
0.00002000
0.00002000
0.00002000
0.00002500
0.00002000
0.00001900
0.00001900
0.00002000
0.00002000
0.00002100
0.00002000
