0.00027800
0.00025500
0.00026900
0.00027700
0.00027800
0.00027800
0.00035200
0.00027800
0.00027800
0.00027700
0.00027700
0.00027900
0.00027900
0.00027800
0.00029500
0.00028800
0.00027800
0.00027700
0.00027700
0.00027700
0.00027700
0.00037200
0.00029500
0.00028900
0.00027800
0.00027800
0.00027800
0.00027900
0.00027800
0.00027800
0.00027800
0.00027700
0.00029600
0.00027800
0.00027800
0.00027700
0.00029100
0.00027700
0.00027800
0.00027800
0.00027800
0.00027900
0.00027800
0.00027900
0.00031300
0.00049500
0.00050000
0.00035000
0.00031000
0.00028800
0.00027700
0.00027800
0.00027700
0.00039800
0.00041200
0.00046400
0.00042200
0.00041800
0.00042200
0.00044200
0.00042300
0.00042700
0.00043700
0.00042100
0.00044400
0.00042000
0.00038000
0.00044900
0.00053600
0.00045000
0.00044600
0.00045000
0.00044700
0.00045900
0.00043300
0.00042500
0.00042500
0.00042700
0.00042500
0.00041500
0.00041100
0.00031400
0.00027800
0.00037800
0.00027800
0.00027800
0.00030800
0.00039600
0.00027700
0.00030000
0.00027700
0.00034600
0.00027800
0.00030000
0.00027900
0.00032500
0.00027800
0.00029900
0.00028200
0.00034400
0.00027600
0.00028200
0.00027800
0.00029700
0.00031200
0.00027800
0.00034500
0.00027800
0.00027800
0.00027700
0.00027800
0.00027800
0.00027700
0.00038400
0.00027700
0.00027800
0.00027800
0.00027700
0.00027800
0.00027800
0.00027900
0.00027800
0.00027700
0.00027700
0.00027700
0.00027700
0.00027900
0.00027700
0.00027700
0.00028800
0.00027800
0.00027800
0.00029100
0.00027700
0.00027800
0.00027800
0.00027800
0.00036300
0.00036700
0.00027800
0.00027700
0.00027700
0.00027800
0.00027700
0.00027800
0.00028100
0.00027700
0.00027800
0.00035100
0.00027800
0.00032800
0.00027800
0.00035200
0.00027700
0.00033500
0.00027700
0.00034100
0.00028200
0.00030100
0.00027700
0.00035000
0.00029300
0.00030200
0.00027800
0.00028800
0.00027700
0.00027700
0.00030200
0.00027800
0.00027800
0.00027800
0.00027700
0.00027700
0.00027700
0.00027800
0.00027800
0.00027800
0.00027800
0.00027700
0.00027800
0.00027800
0.00027700
0.00028600
0.00027800
0.00027800
0.00027800
0.00048700
0.00036900
0.00038900
0.00036100
0.00040800
0.00038800
0.00041800
0.00043300
0.00041200
0.00040100
0.00040900
0.00040700
0.00040400
0.00041400
0.00041100
0.00039500
0.00037000
0.00038100
0.00037700
0.00039200
0.00040100
0.00041500
0.00041600
0.00031200
0.00027700
0.00039100
0.00027700
0.00029800
0.00027700
0.00027600
0.00027800
0.00027800
0.00028200
0.00027800
0.00027800
0.00027700
0.00027900
0.00027800
0.00027800
0.00027700
0.00027800
0.00027800
0.00027800
0.00027700
0.00027800
0.00030000
0.00027700
0.00027800
0.00027800
0.00027700
0.00027700
0.00029200
0.00036800
0.00035500
0.00027700
0.00027800
0.00033300
0.00027800
0.00027700
0.00031800
0.00027800
0.00028800
0.00027800
0.00028000
0.00028900
0.00028300
0.00027700
0.00029100
0.00027900
0.00028000
0.00027700
0.00028000
0.00026900
0.00027700
0.00030600
0.00027700
0.00027800
0.00027700
0.00027800
0.00027800
0.00030500
0.00027800
0.00027800
0.00027700
0.00036900
0.00028100
0.00033900
0.00027800
0.00029900
0.00027700
0.00034400
0.00027900
0.00030200
0.00027700
0.00035800
0.00027800
0.00030300
0.00027700
0.00027700
0.00027700
0.00030300
0.00033700
0.00038500
0.00027100
0.00030000
0.00028100
0.00035300
0.00027800
0.00027700
0.00027900
0.00035000
0.00027700
0.00030000
0.00027700
0.00035300
0.00028200
0.00029900
0.00026900
0.00040200
0.00028800
0.00031200
0.00027800
0.00035600
0.00027800
0.00029800
0.00027700
0.00027700
0.00027800
0.00028100
0.00028100
0.00027100
0.00028000
0.00030200
0.00027800
0.00027700
0.00027800
0.00027700
0.00027700
0.00027800
0.00040100
0.00032000
0.00027800
0.00027700
0.00027900
0.00028000
0.00029200
0.00027700
0.00028200
0.00027800
0.00027800
0.00027800
0.00027800
0.00027900
0.00028200
0.00030000
0.00029100
0.00034400
0.00027800
0.00030000
0.00027700
0.00034400
0.00027900
0.00028300
0.00028100
0.00034100
0.00027800
0.00030000
0.00027900
0.00034500
0.00027700
0.00029900
0.00029300
0.00027700
0.00028700
0.00030000
0.00027800
0.00027800
0.00030600
0.00027800
0.00027800
0.00027700
0.00027800
0.00031100
0.00027800
0.00029400
0.00027700
0.00027900
0.00028200
0.00028700
0.00027800
0.00027800
0.00027700
0.00027900
0.00027700
0.00027800
0.00027900
0.00027800
0.00028100
0.00035100
0.00027800
0.00027800
0.00027800
0.00030400
0.00028600
0.00028000
0.00028000
0.00028000
0.00028000
0.00028000
0.00028100
0.00028000
0.00028000
0.00044400
0.00028000
0.00028000
0.00028000
0.00037200
0.00028000
0.00029000
0.00028400
0.00028100
0.00028100
0.00028100
0.00028000
0.00028000
0.00028000
0.00028000
0.00028000
0.00027900
0.00027900
0.00029100
0.00028000
0.00028200
0.00030700
0.00028200
0.00028000
0.00037000
0.00046900
0.00039400
0.00041400
0.00039800
0.00042000
0.00040100
0.00037100
0.00030400
0.00028000
0.00028100
0.00037600
0.00027900
0.00033400
0.00028000
0.00028000
0.00028300
0.00028900
0.00028000
0.00030000
0.00028100
0.00028000
0.00028100
0.00029500
0.00039800
0.00037400
0.00036300
0.00038300
0.00040500
0.00039800
0.00038000
0.00039100
0.00039200
0.00028300
0.00028100
0.00028000
0.00027900
0.00028000
0.00028200
0.00028000
0.00028000
0.00028000
0.00028000
0.00028100
0.00028000
0.00027900
0.00028000
0.00028100
0.00028000
0.00028000
0.00028000
0.00028000
0.00039500
0.00028000
0.00028000
0.00027900
0.00028000
0.00028000
0.00028000
0.00028000
0.00028000
0.00028000
0.00028000
0.00036000
0.00031400
0.00027900
0.00028900
0.00029100
0.00029000
0.00029300
0.00028000
0.00027900
0.00028000
0.00030300
0.00028100
0.00034800
0.00028000
0.00027900
0.00028000
0.00031800
0.00028000
0.00034400
0.00029500
0.00029900
0.00028100
0.00032800
0.00028000
0.00030100
0.00028100
0.00028100
0.00029100
0.00028000
0.00029700
0.00028000
0.00028000
0.00028000
0.00027900
0.00028100
0.00040000
0.00041100
0.00037700
0.00031500
0.00028300
0.00028100
0.00027500
0.00028100
0.00028000
0.00027900
0.00028000
0.00028100
0.00028800
0.00028100
0.00027900
0.00028100
0.00028000
0.00027900
0.00028000
0.00028100
0.00028000
0.00028000
0.00028000
0.00028000
0.00028100
0.00028000
0.00036100
0.00033300
0.00028000
0.00030600
0.00028000
0.00031600
0.00028200
0.00028100
0.00028100
0.00028000
0.00028000
0.00032700
0.00028100
0.00028100
0.00028100
0.00028000
0.00027900
0.00028000
0.00028900
0.00028000
0.00027900
0.00028000
0.00028000
0.00028000
0.00028000
0.00028000
0.00028000
0.00028000
0.00028100
0.00028000
0.00028400
0.00027900
0.00027900
0.00028000
0.00028000
0.00030000
0.00028100
0.00030400
0.00028000
0.00030000
0.00028000
0.00032700
0.00027900
0.00031600
0.00027100
0.00028000
0.00027900
0.00041700
0.00038400
0.00028000
0.00028000
0.00028000
0.00028000
0.00028100
0.00028100
0.00028000
0.00028100
0.00027900
0.00028000
0.00028000
0.00028000
0.00028100
0.00028000
0.00027300
0.00029100
0.00028000
0.00025800
0.00028900
0.00028100
0.00028000
0.00027900
0.00027900
0.00028100
0.00028500
0.00028100
0.00028000
0.00028000
0.00028000
0.00028000
0.00029400
0.00028000
0.00028000
0.00025700
0.00028000
0.00028000
0.00028300
0.00028100
0.00029500
0.00027900
0.00035300
0.00028000
0.00030400
0.00028000
0.00035000
0.00030000
0.00028000
0.00029000
0.00028000
0.00028000
0.00029100
0.00028900
0.00028200
0.00028100
0.00030500
0.00028100
0.00028100
0.00028300
0.00027900
0.00028200
0.00028100
0.00028000
0.00028000
0.00028000
0.00028100
0.00028000
0.00028000
0.00028100
0.00028100
0.00031200
0.00028200
0.00028000
0.00028000
0.00028000
0.00028000
0.00037800
0.00028100
0.00030600
0.00028000
0.00028000
0.00027900
0.00028100
0.00027900
0.00028100
0.00028000
0.00028100
0.00028000
0.00028100
0.00028000
0.00043000
0.00035900
0.00027900
0.00030100
0.00028100
0.00039500
0.00029100
0.00028000
0.00029200
0.00027900
0.00028000
0.00031500
0.00028100
0.00028100
0.00028000
0.00027200
0.00027900
0.00028000
0.00028000
0.00028000
0.00028000
0.00028100
0.00028000
0.00028500
0.00028000
0.00028200
0.00028100
0.00027900
0.00028000
0.00028900
0.00028100
0.00028400
0.00028000
0.00028100
0.00028000
0.00028000
0.00028000
0.00032900
0.00041600
0.00031000
0.00028000
0.00039300
0.00030800
0.00028000
0.00028100
0.00028000
0.00027900
0.00027900
0.00028000
0.00028000
0.00035200
0.00028000
0.00029000
0.00028200
0.00028000
0.00028300
0.00028000
0.00028100
0.00028100
0.00028000
0.00032000
0.00028000
0.00030800
0.00028000
0.00033300
0.00028100
0.00030100
0.00028200
0.00028200
0.00030100
0.00029000
0.00028000
0.00033600
0.00028000
0.00028000
0.00028000
0.00028000
0.00028000
0.00028000
0.00028000
0.00027200
0.00028000
0.00028000
0.00028000
0.00028800
0.00027900
0.00028100
0.00028000
0.00029000
0.00028000
0.00027900
0.00028100
0.00028900
0.00029600
0.00030200
0.00031600
0.00028200
0.00029900
0.00028100
0.00028000
0.00028000
0.00028500
0.00028000
0.00027900
0.00033800
0.00028000
0.00030000
0.00028100
0.00035000
0.00028000
0.00030600
0.00029000
0.00040900
0.00030300
0.00028000
0.00028000
0.00028000
0.00027900
0.00029700
0.00028100
0.00027900
0.00028100
0.00027900
0.00028200
0.00028000
0.00028700
0.00028300
0.00028100
0.00028000
0.00028000
0.00028000
0.00028400
0.00028000
0.00027900
0.00028100
0.00028000
0.00028000
0.00029200
0.00031600
0.00028000
0.00034200
0.00029100
0.00028100
0.00028000
0.00028000
0.00028000
0.00034700
0.00029000
0.00030400
0.00028000
0.00035000
0.00028000
0.00030400
0.00028000
0.00034900
0.00028000
0.00030200
0.00028000
0.00028000
0.00028000
0.00028100
0.00028000
0.00028000
0.00028100
0.00028100
0.00028100
0.00028000
0.00028100
0.00028000
0.00028000
0.00028800
0.00027900
0.00028200
0.00028700
0.00028000
0.00028100
0.00027900
0.00027900
0.00028000
0.00027900
0.00028100
0.00029900
0.00028000
0.00027900
0.00028000
0.00028000
0.00028000
0.00028000
0.00028000
0.00030200
0.00029500
0.00028500
0.00027800
0.00027800
0.00029500
0.00027700
0.00033100
0.00027600
0.00027700
0.00032100
0.00030700
0.00029600
0.00028900
0.00027700
0.00029500
0.00027700
0.00028000
0.00027800
0.00027600
0.00027800
0.00027700
0.00028000
0.00027900
0.00027800
0.00027700
0.00027700
0.00036700
0.00027800
0.00027900
0.00027800
0.00027900
0.00027700
0.00027900
0.00027800
0.00027900
0.00028100
0.00027700
0.00027800
0.00027700
0.00028900
0.00027700
0.00028200
0.00027800
0.00027700
0.00025400
0.00027700
0.00029800
0.00029300
0.00027700
0.00027700
0.00040300
0.00044800
0.00041400
0.00039900
0.00029300
0.00027700
0.00027700
0.00027800
0.00030800
0.00031200
0.00034600
0.00029200
0.00030800
0.00027700
0.00029300
0.00027700
0.00029700
0.00028000
0.00029800
0.00027800
0.00032700
0.00027700
0.00029700
0.00027600
0.00032100
0.00027800
0.00029100
0.00027700
0.00028900
0.00027700
0.00027700
0.00028500
0.00027600
0.00027700
0.00027800
0.00027700
0.00027700
0.00027700
0.00030500
0.00027700
0.00027700
0.00027800
0.00027600
0.00027800
0.00027700
0.00039300
0.00027600
0.00027600
0.00027800
0.00030000
0.00038300
0.00027800
0.00035900
0.00027600
0.00033100
0.00027600
0.00031100
0.00041600
0.00027700
0.00027800
0.00027700
0.00027600
0.00027900
0.00027700
0.00027900
0.00027800
0.00027600
0.00027700
0.00027700
0.00027800
0.00027700
0.00027800
0.00027700
0.00029800
0.00029200
0.00027700
